{
 "cells": [
  {
   "cell_type": "code",
   "execution_count": 4,
   "metadata": {
    "collapsed": false
   },
   "outputs": [
   ],
   "source": [
    "%display latex"
   ]
  },
  {
   "cell_type": "code",
   "execution_count": 59,
   "metadata": {
    "collapsed": false
   },
   "outputs": [
   ],
   "source": [
    "#7.a"
   ]
  },
  {
   "cell_type": "code",
   "execution_count": 60,
   "metadata": {
    "collapsed": false
   },
   "outputs": [
    {
     "data": {
      "text/html": [
       "<html>\\(\\displaystyle \\mathrm{True}\\)</html>"
      ],
      "text/latex": [
       "$\\displaystyle \\mathrm{True}$"
      ],
      "text/plain": [
       "True"
      ]
     },
     "execution_count": 60,
     "metadata": {
     },
     "output_type": "execute_result"
    }
   ],
   "source": [
    "J = diagonal_matrix(RDF, [RDF.random_element(1,5) for _ in range(5)])\n",
    "B = random_matrix(RDF, 5)\n",
    "A = B.transpose() * J * B\n",
    "A[1,1] = 7\n",
    "A[2,2] = 9\n",
    "A.is_positive_definite()"
   ]
  },
  {
   "cell_type": "code",
   "execution_count": 61,
   "metadata": {
    "collapsed": false
   },
   "outputs": [
    {
     "data": {
      "text/html": [
       "<html>\\(\\displaystyle \\left(\\begin{array}{rrrrr}\n",
       "4.352 & -1.067 & 5.262 & -2.822 & 0.7164 \\\\\n",
       "-1.067 & 7.000 & -2.725 & -0.5583 & -0.3226 \\\\\n",
       "5.262 & -2.725 & 9.000 & -3.221 & 0.9947 \\\\\n",
       "-2.822 & -0.5583 & -3.221 & 3.887 & -0.6321 \\\\\n",
       "0.7164 & -0.3226 & 0.9947 & -0.6321 & 3.073\n",
       "\\end{array}\\right)\\)</html>"
      ],
      "text/latex": [
       "$\\displaystyle \\left(\\begin{array}{rrrrr}\n",
       "4.352 & -1.067 & 5.262 & -2.822 & 0.7164 \\\\\n",
       "-1.067 & 7.000 & -2.725 & -0.5583 & -0.3226 \\\\\n",
       "5.262 & -2.725 & 9.000 & -3.221 & 0.9947 \\\\\n",
       "-2.822 & -0.5583 & -3.221 & 3.887 & -0.6321 \\\\\n",
       "0.7164 & -0.3226 & 0.9947 & -0.6321 & 3.073\n",
       "\\end{array}\\right)$"
      ],
      "text/plain": [
       "[  4.352  -1.067   5.262  -2.822  0.7164]\n",
       "[ -1.067   7.000  -2.725 -0.5583 -0.3226]\n",
       "[  5.262  -2.725   9.000  -3.221  0.9947]\n",
       "[ -2.822 -0.5583  -3.221   3.887 -0.6321]\n",
       "[ 0.7164 -0.3226  0.9947 -0.6321   3.073]"
      ]
     },
     "execution_count": 61,
     "metadata": {
     },
     "output_type": "execute_result"
    }
   ],
   "source": [
    "A.n(digits=4)"
   ]
  },
  {
   "cell_type": "code",
   "execution_count": 62,
   "metadata": {
    "collapsed": false
   },
   "outputs": [
   ],
   "source": [
    "# 7.b"
   ]
  },
  {
   "cell_type": "code",
   "execution_count": 63,
   "metadata": {
    "collapsed": false
   },
   "outputs": [
    {
     "data": {
      "text/html": [
       "<html>\\(\\displaystyle \\left(\\begin{array}{rrrrr}\n",
       "2.086 & 0.0000 & 0.0000 & 0.0000 & 0.0000 \\\\\n",
       "-0.5116 & 2.596 & 0.0000 & 0.0000 & 0.0000 \\\\\n",
       "2.522 & -0.5525 & 1.527 & 0.0000 & 0.0000 \\\\\n",
       "-1.353 & -0.4817 & -0.04904 & 1.350 & 0.0000 \\\\\n",
       "0.3434 & -0.05659 & 0.06368 & -0.1420 & 1.711\n",
       "\\end{array}\\right)\\)</html>"
      ],
      "text/latex": [
       "$\\displaystyle \\left(\\begin{array}{rrrrr}\n",
       "2.086 & 0.0000 & 0.0000 & 0.0000 & 0.0000 \\\\\n",
       "-0.5116 & 2.596 & 0.0000 & 0.0000 & 0.0000 \\\\\n",
       "2.522 & -0.5525 & 1.527 & 0.0000 & 0.0000 \\\\\n",
       "-1.353 & -0.4817 & -0.04904 & 1.350 & 0.0000 \\\\\n",
       "0.3434 & -0.05659 & 0.06368 & -0.1420 & 1.711\n",
       "\\end{array}\\right)$"
      ],
      "text/plain": [
       "[   2.086   0.0000   0.0000   0.0000   0.0000]\n",
       "[ -0.5116    2.596   0.0000   0.0000   0.0000]\n",
       "[   2.522  -0.5525    1.527   0.0000   0.0000]\n",
       "[  -1.353  -0.4817 -0.04904    1.350   0.0000]\n",
       "[  0.3434 -0.05659  0.06368  -0.1420    1.711]"
      ]
     },
     "execution_count": 63,
     "metadata": {
     },
     "output_type": "execute_result"
    }
   ],
   "source": [
    "C = A.cholesky()\n",
    "C.n(digits=4)"
   ]
  },
  {
   "cell_type": "code",
   "execution_count": 64,
   "metadata": {
    "collapsed": false,
    "scrolled": true
   },
   "outputs": [
    {
     "data": {
      "text/html": [
       "<html>\\(\\displaystyle \\left(\\begin{array}{rrrrr}\n",
       "4.352 & -1.067 & 5.262 & -2.822 & 0.7164 \\\\\n",
       "-1.067 & 7.000 & -2.725 & -0.5583 & -0.3226 \\\\\n",
       "5.262 & -2.725 & 9.000 & -3.221 & 0.9947 \\\\\n",
       "-2.822 & -0.5583 & -3.221 & 3.887 & -0.6321 \\\\\n",
       "0.7164 & -0.3226 & 0.9947 & -0.6321 & 3.073\n",
       "\\end{array}\\right)\\)</html>"
      ],
      "text/latex": [
       "$\\displaystyle \\left(\\begin{array}{rrrrr}\n",
       "4.352 & -1.067 & 5.262 & -2.822 & 0.7164 \\\\\n",
       "-1.067 & 7.000 & -2.725 & -0.5583 & -0.3226 \\\\\n",
       "5.262 & -2.725 & 9.000 & -3.221 & 0.9947 \\\\\n",
       "-2.822 & -0.5583 & -3.221 & 3.887 & -0.6321 \\\\\n",
       "0.7164 & -0.3226 & 0.9947 & -0.6321 & 3.073\n",
       "\\end{array}\\right)$"
      ],
      "text/plain": [
       "[  4.352  -1.067   5.262  -2.822  0.7164]\n",
       "[ -1.067   7.000  -2.725 -0.5583 -0.3226]\n",
       "[  5.262  -2.725   9.000  -3.221  0.9947]\n",
       "[ -2.822 -0.5583  -3.221   3.887 -0.6321]\n",
       "[ 0.7164 -0.3226  0.9947 -0.6321   3.073]"
      ]
     },
     "execution_count": 64,
     "metadata": {
     },
     "output_type": "execute_result"
    }
   ],
   "source": [
    "(C * C.transpose()).n(digits=4)"
   ]
  },
  {
   "cell_type": "code",
   "execution_count": 65,
   "metadata": {
    "collapsed": false
   },
   "outputs": [
    {
     "data": {
      "text/html": [
       "<html>\\(\\displaystyle \\mathrm{True}\\)</html>"
      ],
      "text/latex": [
       "$\\displaystyle \\mathrm{True}$"
      ],
      "text/plain": [
       "True"
      ]
     },
     "execution_count": 65,
     "metadata": {
     },
     "output_type": "execute_result"
    }
   ],
   "source": [
    "A.n(digits=4) == (C * C.transpose()).n(digits=4)"
   ]
  },
  {
   "cell_type": "code",
   "execution_count": 66,
   "metadata": {
    "collapsed": false
   },
   "outputs": [
   ],
   "source": [
    "# 7.c"
   ]
  },
  {
   "cell_type": "code",
   "execution_count": 67,
   "metadata": {
    "collapsed": false
   },
   "outputs": [
    {
     "data": {
      "text/html": [
       "<html>\\(\\displaystyle \\left(\\left(\\begin{array}{rrrrr}\n",
       "-0.48729952161831336 & 0.1874264426926893 & -0.06113100053558205 & 0.07039514324868244 & -0.8477723924442482 \\\\\n",
       "0.2963637756695601 & 0.8927257000045578 & -0.038447093263859464 & -0.33723578230577855 & 0.0017847056967345148 \\\\\n",
       "-0.7441454076116214 & 0.04814913126928053 & -0.14353128217372277 & -0.5079824093107066 & 0.4065487871793549 \\\\\n",
       "0.32797486448134633 & -0.40500459188481114 & -0.03374463658565982 & -0.7818521799585906 & -0.34054696741618723 \\\\\n",
       "-0.11570561481804671 & 0.039561279569383906 & 0.986430378857194 & -0.10944218320417694 & -0.004963069772491442\n",
       "\\end{array}\\right), \\left(\\begin{array}{rrrrr}\n",
       "3.886506814144289 & 0.0 & 0.0 & 0.0 & 0.0 \\\\\n",
       "0.0 & 2.6206734020743596 & 0.0 & 0.0 & 0.0 \\\\\n",
       "0.0 & 0.0 & 1.7081099531862545 & 0.0 & 0.0 \\\\\n",
       "0.0 & 0.0 & 0.0 & 1.3112357023495487 & 0.0 \\\\\n",
       "0.0 & 0.0 & 0.0 & 0.0 & 0.8374217997012765\n",
       "\\end{array}\\right), \\left(\\begin{array}{rrrrr}\n",
       "-0.9078920677995661 & 0.23546294231269255 & -0.05005599867849093 & 0.04424887830207018 & -0.3403316467644242 \\\\\n",
       "0.26477504609965846 & 0.9476872018893553 & -0.035165354955055836 & -0.16162825934692163 & -0.06650448052137617 \\\\\n",
       "-0.2984425799102737 & 0.036599103651637425 & -0.09058328991971396 & -0.5677144490866121 & 0.7609779917934567 \\\\\n",
       "0.11816824965252153 & -0.21080703325314099 & -0.10866943688342587 & -0.7932379281771492 & -0.5482346233992631 \\\\\n",
       "-0.05093583669785704 & 0.025827708289365942 & 0.9880503104002067 & -0.1428013870696008 & -0.010139920781880977\n",
       "\\end{array}\\right)\\right)\\)</html>"
      ],
      "text/latex": [
       "$\\displaystyle \\left(\\left(\\begin{array}{rrrrr}\n",
       "-0.48729952161831336 & 0.1874264426926893 & -0.06113100053558205 & 0.07039514324868244 & -0.8477723924442482 \\\\\n",
       "0.2963637756695601 & 0.8927257000045578 & -0.038447093263859464 & -0.33723578230577855 & 0.0017847056967345148 \\\\\n",
       "-0.7441454076116214 & 0.04814913126928053 & -0.14353128217372277 & -0.5079824093107066 & 0.4065487871793549 \\\\\n",
       "0.32797486448134633 & -0.40500459188481114 & -0.03374463658565982 & -0.7818521799585906 & -0.34054696741618723 \\\\\n",
       "-0.11570561481804671 & 0.039561279569383906 & 0.986430378857194 & -0.10944218320417694 & -0.004963069772491442\n",
       "\\end{array}\\right), \\left(\\begin{array}{rrrrr}\n",
       "3.886506814144289 & 0.0 & 0.0 & 0.0 & 0.0 \\\\\n",
       "0.0 & 2.6206734020743596 & 0.0 & 0.0 & 0.0 \\\\\n",
       "0.0 & 0.0 & 1.7081099531862545 & 0.0 & 0.0 \\\\\n",
       "0.0 & 0.0 & 0.0 & 1.3112357023495487 & 0.0 \\\\\n",
       "0.0 & 0.0 & 0.0 & 0.0 & 0.8374217997012765\n",
       "\\end{array}\\right), \\left(\\begin{array}{rrrrr}\n",
       "-0.9078920677995661 & 0.23546294231269255 & -0.05005599867849093 & 0.04424887830207018 & -0.3403316467644242 \\\\\n",
       "0.26477504609965846 & 0.9476872018893553 & -0.035165354955055836 & -0.16162825934692163 & -0.06650448052137617 \\\\\n",
       "-0.2984425799102737 & 0.036599103651637425 & -0.09058328991971396 & -0.5677144490866121 & 0.7609779917934567 \\\\\n",
       "0.11816824965252153 & -0.21080703325314099 & -0.10866943688342587 & -0.7932379281771492 & -0.5482346233992631 \\\\\n",
       "-0.05093583669785704 & 0.025827708289365942 & 0.9880503104002067 & -0.1428013870696008 & -0.010139920781880977\n",
       "\\end{array}\\right)\\right)$"
      ],
      "text/plain": [
       "(\n",
       "[ -0.48729952161831336    0.1874264426926893  -0.06113100053558205   0.07039514324868244   -0.8477723924442482]  [ 3.886506814144289                0.0                0.0                0.0                0.0]  [  -0.9078920677995661   0.23546294231269255  -0.05005599867849093   0.04424887830207018   -0.3403316467644242]\n",
       "[   0.2963637756695601    0.8927257000045578 -0.038447093263859464  -0.33723578230577855 0.0017847056967345148]  [               0.0 2.6206734020743596                0.0                0.0                0.0]  [  0.26477504609965846    0.9476872018893553 -0.035165354955055836  -0.16162825934692163  -0.06650448052137617]\n",
       "[  -0.7441454076116214   0.04814913126928053  -0.14353128217372277   -0.5079824093107066    0.4065487871793549]  [               0.0                0.0 1.7081099531862545                0.0                0.0]  [  -0.2984425799102737  0.036599103651637425  -0.09058328991971396   -0.5677144490866121    0.7609779917934567]\n",
       "[  0.32797486448134633  -0.40500459188481114  -0.03374463658565982   -0.7818521799585906  -0.34054696741618723]  [               0.0                0.0                0.0 1.3112357023495487                0.0]  [  0.11816824965252153  -0.21080703325314099  -0.10866943688342587   -0.7932379281771492   -0.5482346233992631]\n",
       "[ -0.11570561481804671  0.039561279569383906     0.986430378857194  -0.10944218320417694 -0.004963069772491442], [               0.0                0.0                0.0                0.0 0.8374217997012765], [ -0.05093583669785704  0.025827708289365942    0.9880503104002067   -0.1428013870696008 -0.010139920781880977]\n",
       ")"
      ]
     },
     "execution_count": 67,
     "metadata": {
     },
     "output_type": "execute_result"
    }
   ],
   "source": [
    "C.SVD()"
   ]
  },
  {
   "cell_type": "code",
   "execution_count": 68,
   "metadata": {
    "collapsed": false
   },
   "outputs": [
   ],
   "source": [
    "# 7.d"
   ]
  },
  {
   "cell_type": "code",
   "execution_count": 69,
   "metadata": {
    "collapsed": false
   },
   "outputs": [
    {
     "data": {
      "text/html": [
       "<html>\\(\\displaystyle \\left(\\begin{array}{rrrrr}\n",
       "1.630 & -0.1512 & 1.112 & -0.6470 & 0.1290 \\\\\n",
       "-0.1512 & 2.582 & -0.5098 & -0.2223 & -0.05711 \\\\\n",
       "1.112 & -0.5098 & 2.670 & -0.5865 & 0.1690 \\\\\n",
       "-0.6470 & -0.2223 & -0.5865 & 1.749 & -0.1327 \\\\\n",
       "0.1290 & -0.05711 & 0.1690 & -0.1327 & 1.734\n",
       "\\end{array}\\right)\\)</html>"
      ],
      "text/latex": [
       "$\\displaystyle \\left(\\begin{array}{rrrrr}\n",
       "1.630 & -0.1512 & 1.112 & -0.6470 & 0.1290 \\\\\n",
       "-0.1512 & 2.582 & -0.5098 & -0.2223 & -0.05711 \\\\\n",
       "1.112 & -0.5098 & 2.670 & -0.5865 & 0.1690 \\\\\n",
       "-0.6470 & -0.2223 & -0.5865 & 1.749 & -0.1327 \\\\\n",
       "0.1290 & -0.05711 & 0.1690 & -0.1327 & 1.734\n",
       "\\end{array}\\right)$"
      ],
      "text/plain": [
       "[   1.630  -0.1512    1.112  -0.6470   0.1290]\n",
       "[ -0.1512    2.582  -0.5098  -0.2223 -0.05711]\n",
       "[   1.112  -0.5098    2.670  -0.5865   0.1690]\n",
       "[ -0.6470  -0.2223  -0.5865    1.749  -0.1327]\n",
       "[  0.1290 -0.05711   0.1690  -0.1327    1.734]"
      ]
     },
     "execution_count": 69,
     "metadata": {
     },
     "output_type": "execute_result"
    }
   ],
   "source": [
    "U, S, V = C.SVD()\n",
    "X = U * S * U.transpose()\n",
    "X.n(digits=4)"
   ]
  },
  {
   "cell_type": "code",
   "execution_count": 72,
   "metadata": {
    "collapsed": false
   },
   "outputs": [
    {
     "data": {
      "text/html": [
       "<html>\\(\\displaystyle \\mathrm{True}\\)</html>"
      ],
      "text/latex": [
       "$\\displaystyle \\mathrm{True}$"
      ],
      "text/plain": [
       "True"
      ]
     },
     "execution_count": 72,
     "metadata": {
     },
     "output_type": "execute_result"
    }
   ],
   "source": [
    "A.n(digits=4) == (X*X).n(digits=4)"
   ]
  },
  {
   "cell_type": "code",
   "execution_count": 1,
   "metadata": {
    "collapsed": false
   },
   "outputs": [
   ],
   "source": [
    "# 8.a"
   ]
  },
  {
   "cell_type": "code",
   "execution_count": 41,
   "metadata": {
    "collapsed": false
   },
   "outputs": [
    {
     "data": {
      "text/html": [
       "<html>\\(\\displaystyle \\left(\\begin{array}{rrrrr}\n",
       "0.2000 & 0.2857 & 0.3333 & 0.3636 & 0.3846 \\\\\n",
       "0.3333 & 0.5000 & 0.6000 & 0.6667 & 0.7143 \\\\\n",
       "0.4286 & 0.6667 & 0.8182 & 0.9231 & 1.000 \\\\\n",
       "0.5000 & 0.8000 & 1.000 & 1.143 & 1.250 \\\\\n",
       "0.5556 & 0.9091 & 1.154 & 1.333 & 1.471\n",
       "\\end{array}\\right)\\)</html>"
      ],
      "text/latex": [
       "$\\displaystyle \\left(\\begin{array}{rrrrr}\n",
       "0.2000 & 0.2857 & 0.3333 & 0.3636 & 0.3846 \\\\\n",
       "0.3333 & 0.5000 & 0.6000 & 0.6667 & 0.7143 \\\\\n",
       "0.4286 & 0.6667 & 0.8182 & 0.9231 & 1.000 \\\\\n",
       "0.5000 & 0.8000 & 1.000 & 1.143 & 1.250 \\\\\n",
       "0.5556 & 0.9091 & 1.154 & 1.333 & 1.471\n",
       "\\end{array}\\right)$"
      ],
      "text/plain": [
       "[0.2000 0.2857 0.3333 0.3636 0.3846]\n",
       "[0.3333 0.5000 0.6000 0.6667 0.7143]\n",
       "[0.4286 0.6667 0.8182 0.9231  1.000]\n",
       "[0.5000 0.8000  1.000  1.143  1.250]\n",
       "[0.5556 0.9091  1.154  1.333  1.471]"
      ]
     },
     "execution_count": 41,
     "metadata": {
     },
     "output_type": "execute_result"
    }
   ],
   "source": [
    "A = matrix(CDF, 5, 5)\n",
    "for i in range(5):\n",
    "    for j in range(5):\n",
    "        A[i,j] = ((i + 1) * (j + 1))/((i + 1) + 2 * (j + 1) + 2)\n",
    "A.n(digits=4)"
   ]
  },
  {
   "cell_type": "code",
   "execution_count": 0,
   "metadata": {
    "collapsed": false
   },
   "outputs": [
   ],
   "source": [
    "# 8.b"
   ]
  },
  {
   "cell_type": "code",
   "execution_count": 42,
   "metadata": {
    "collapsed": false
   },
   "outputs": [
    {
     "data": {
      "text/html": [
       "<html>\\(\\displaystyle \\left(\\left(\\begin{array}{rrrrr}\n",
       "-0.17592812201757424 & -0.5472703943604452 & 0.6814367801164214 & -0.43059474769982503 & -0.1406289063379944 \\\\\n",
       "-0.3185009147216849 & -0.5502763547924007 & -0.03729455347416627 & 0.6215110863698877 & 0.45616464843115817 \\\\\n",
       "-0.4369128433229614 & -0.2891207906917357 & -0.48676282658551734 & 0.0039252282578178255 & -0.6989727312040381 \\\\\n",
       "-0.5370917468986874 & 0.10129507304788093 & -0.31853528333040526 & -0.5807430334299879 & 0.5123910284008639 \\\\\n",
       "-0.6230939623825456 & 0.5512164052157376 & 0.4425497202731269 & 0.30171883348293943 & -0.1450168240975156\n",
       "\\end{array}\\right), \\left(\\begin{array}{rrrrr}\n",
       "4.061518635238639 & 0.0 & 0.0 & 0.0 & 0.0 \\\\\n",
       "0.0 & 0.08838336113677744 & 0.0 & 0.0 & 0.0 \\\\\n",
       "0.0 & 0.0 & 0.0028545825447751807 & 0.0 & 0.0 \\\\\n",
       "0.0 & 0.0 & 0.0 & 6.152339335723195 \\times 10^{-05} & 0.0 \\\\\n",
       "0.0 & 0.0 & 0.0 & 0.0 & 5.600188412203899 \\times 10^{-07}\n",
       "\\end{array}\\right), \\left(\\begin{array}{rrrrr}\n",
       "-0.23225552508888156 & -0.6778376296234678 & 0.6433558135468509 & -0.26476583399597126 & -0.05085144300817154 \\\\\n",
       "-0.3685600024594068 & -0.47640708731473047 & -0.339770888308623 & 0.661750380669953 & 0.2895548115375707 \\\\\n",
       "-0.45876035220462325 & -0.133833445226373 & -0.4878555365423757 & -0.3136729561322241 & -0.6597225176088442 \\\\\n",
       "-0.523012018089227 & 0.20345408113860314 & -0.12660527962599516 & -0.4948089882775692 & 0.6513064056900042 \\\\\n",
       "-0.5711552011775203 & 0.5042494232318153 & 0.4654214426401225 & 0.38569266073207864 & -0.23267640087994398\n",
       "\\end{array}\\right)\\right)\\)</html>"
      ],
      "text/latex": [
       "$\\displaystyle \\left(\\left(\\begin{array}{rrrrr}\n",
       "-0.17592812201757424 & -0.5472703943604452 & 0.6814367801164214 & -0.43059474769982503 & -0.1406289063379944 \\\\\n",
       "-0.3185009147216849 & -0.5502763547924007 & -0.03729455347416627 & 0.6215110863698877 & 0.45616464843115817 \\\\\n",
       "-0.4369128433229614 & -0.2891207906917357 & -0.48676282658551734 & 0.0039252282578178255 & -0.6989727312040381 \\\\\n",
       "-0.5370917468986874 & 0.10129507304788093 & -0.31853528333040526 & -0.5807430334299879 & 0.5123910284008639 \\\\\n",
       "-0.6230939623825456 & 0.5512164052157376 & 0.4425497202731269 & 0.30171883348293943 & -0.1450168240975156\n",
       "\\end{array}\\right), \\left(\\begin{array}{rrrrr}\n",
       "4.061518635238639 & 0.0 & 0.0 & 0.0 & 0.0 \\\\\n",
       "0.0 & 0.08838336113677744 & 0.0 & 0.0 & 0.0 \\\\\n",
       "0.0 & 0.0 & 0.0028545825447751807 & 0.0 & 0.0 \\\\\n",
       "0.0 & 0.0 & 0.0 & 6.152339335723195 \\times 10^{-05} & 0.0 \\\\\n",
       "0.0 & 0.0 & 0.0 & 0.0 & 5.600188412203899 \\times 10^{-07}\n",
       "\\end{array}\\right), \\left(\\begin{array}{rrrrr}\n",
       "-0.23225552508888156 & -0.6778376296234678 & 0.6433558135468509 & -0.26476583399597126 & -0.05085144300817154 \\\\\n",
       "-0.3685600024594068 & -0.47640708731473047 & -0.339770888308623 & 0.661750380669953 & 0.2895548115375707 \\\\\n",
       "-0.45876035220462325 & -0.133833445226373 & -0.4878555365423757 & -0.3136729561322241 & -0.6597225176088442 \\\\\n",
       "-0.523012018089227 & 0.20345408113860314 & -0.12660527962599516 & -0.4948089882775692 & 0.6513064056900042 \\\\\n",
       "-0.5711552011775203 & 0.5042494232318153 & 0.4654214426401225 & 0.38569266073207864 & -0.23267640087994398\n",
       "\\end{array}\\right)\\right)$"
      ],
      "text/plain": [
       "(\n",
       "[ -0.17592812201757424   -0.5472703943604452    0.6814367801164214  -0.43059474769982503   -0.1406289063379944]  [    4.061518635238639                   0.0                   0.0                   0.0                   0.0]  [-0.23225552508888156  -0.6778376296234678   0.6433558135468509 -0.26476583399597126 -0.05085144300817154]\n",
       "[  -0.3185009147216849   -0.5502763547924007  -0.03729455347416627    0.6215110863698877   0.45616464843115817]  [                  0.0   0.08838336113677744                   0.0                   0.0                   0.0]  [ -0.3685600024594068 -0.47640708731473047   -0.339770888308623    0.661750380669953   0.2895548115375707]\n",
       "[  -0.4369128433229614   -0.2891207906917357  -0.48676282658551734 0.0039252282578178255   -0.6989727312040381]  [                  0.0                   0.0 0.0028545825447751807                   0.0                   0.0]  [-0.45876035220462325   -0.133833445226373  -0.4878555365423757  -0.3136729561322241  -0.6597225176088442]\n",
       "[  -0.5370917468986874   0.10129507304788093  -0.31853528333040526   -0.5807430334299879    0.5123910284008639]  [                  0.0                   0.0                   0.0 6.152339335723195e-05                   0.0]  [  -0.523012018089227  0.20345408113860314 -0.12660527962599516  -0.4948089882775692   0.6513064056900042]\n",
       "[  -0.6230939623825456    0.5512164052157376    0.4425497202731269   0.30171883348293943   -0.1450168240975156], [                  0.0                   0.0                   0.0                   0.0 5.600188412203899e-07], [ -0.5711552011775203   0.5042494232318153   0.4654214426401225  0.38569266073207864 -0.23267640087994398]\n",
       ")"
      ]
     },
     "execution_count": 42,
     "metadata": {
     },
     "output_type": "execute_result"
    }
   ],
   "source": [
    "U1, S1, V1 = A.SVD()\n",
    "A.SVD()"
   ]
  },
  {
   "cell_type": "code",
   "execution_count": 43,
   "metadata": {
    "collapsed": false
   },
   "outputs": [
    {
     "data": {
      "text/html": [
       "<html>\\(\\displaystyle \\left(\\begin{array}{rrrrr}\n",
       "0.1987 & 0.2864 & 0.3343 & 0.3639 & 0.3837 \\\\\n",
       "0.3334 & 0.4999 & 0.6000 & 0.6667 & 0.7143 \\\\\n",
       "0.4295 & 0.6662 & 0.8175 & 0.9229 & 1.001 \\\\\n",
       "0.5006 & 0.7997 & 0.9995 & 1.143 & 1.250 \\\\\n",
       "0.5547 & 0.9095 & 1.154 & 1.333 & 1.470\n",
       "\\end{array}\\right)\\)</html>"
      ],
      "text/latex": [
       "$\\displaystyle \\left(\\begin{array}{rrrrr}\n",
       "0.1987 & 0.2864 & 0.3343 & 0.3639 & 0.3837 \\\\\n",
       "0.3334 & 0.4999 & 0.6000 & 0.6667 & 0.7143 \\\\\n",
       "0.4295 & 0.6662 & 0.8175 & 0.9229 & 1.001 \\\\\n",
       "0.5006 & 0.7997 & 0.9995 & 1.143 & 1.250 \\\\\n",
       "0.5547 & 0.9095 & 1.154 & 1.333 & 1.470\n",
       "\\end{array}\\right)$"
      ],
      "text/plain": [
       "[0.1987 0.2864 0.3343 0.3639 0.3837]\n",
       "[0.3334 0.4999 0.6000 0.6667 0.7143]\n",
       "[0.4295 0.6662 0.8175 0.9229  1.001]\n",
       "[0.5006 0.7997 0.9995  1.143  1.250]\n",
       "[0.5547 0.9095  1.154  1.333  1.470]"
      ]
     },
     "execution_count": 43,
     "metadata": {
     },
     "output_type": "execute_result"
    }
   ],
   "source": [
    "kr = 2\n",
    "A2 = matrix(U1[:,:kr] * S1[:kr,:kr] * V1[:, :kr].transpose())\n",
    "A2.n(digits=4)"
   ]
  },
  {
   "cell_type": "code",
   "execution_count": 0,
   "metadata": {
    "collapsed": false
   },
   "outputs": [
   ],
   "source": [
    "# 8.c"
   ]
  },
  {
   "cell_type": "code",
   "execution_count": 45,
   "metadata": {
    "collapsed": false
   },
   "outputs": [
   ],
   "source": [
    "U2, S2, V2 = A2.SVD()"
   ]
  },
  {
   "cell_type": "code",
   "execution_count": 46,
   "metadata": {
    "collapsed": false
   },
   "outputs": [
    {
     "data": {
      "text/html": [
       "<html>\\(\\displaystyle \\mathrm{False}\\)</html>"
      ],
      "text/latex": [
       "$\\displaystyle \\mathrm{False}$"
      ],
      "text/plain": [
       "False"
      ]
     },
     "execution_count": 46,
     "metadata": {
     },
     "output_type": "execute_result"
    }
   ],
   "source": [
    "S1 == S2"
   ]
  },
  {
   "cell_type": "code",
   "execution_count": 0,
   "metadata": {
    "collapsed": false
   },
   "outputs": [
   ],
   "source": [
    "# 10"
   ]
  },
  {
   "cell_type": "code",
   "execution_count": 5,
   "metadata": {
    "collapsed": false
   },
   "outputs": [
    {
     "data": {
      "text/html": [
       "<html>\\(\\displaystyle \\left(\\begin{array}{rrr}\n",
       "0.0 & 2.0 & 0.0 \\\\\n",
       "0.0 & 0.0 & 3.0\n",
       "\\end{array}\\right)\\)</html>"
      ],
      "text/latex": [
       "$\\displaystyle \\left(\\begin{array}{rrr}\n",
       "0.0 & 2.0 & 0.0 \\\\\n",
       "0.0 & 0.0 & 3.0\n",
       "\\end{array}\\right)$"
      ],
      "text/plain": [
       "[0.0 2.0 0.0]\n",
       "[0.0 0.0 3.0]"
      ]
     },
     "execution_count": 5,
     "metadata": {
     },
     "output_type": "execute_result"
    }
   ],
   "source": [
    "A = matrix(RDF, [[0,2,0], [0,0,3]])\n",
    "A"
   ]
  },
  {
   "cell_type": "code",
   "execution_count": 7,
   "metadata": {
    "collapsed": false
   },
   "outputs": [
    {
     "data": {
      "text/html": [
       "<html>\\(\\displaystyle \\left(\\left(\\begin{array}{rr}\n",
       "0.0 & 1.0 \\\\\n",
       "1.0 & 0.0\n",
       "\\end{array}\\right), \\left(\\begin{array}{rrr}\n",
       "3.0 & 0.0 & 0.0 \\\\\n",
       "0.0 & 2.0 & 0.0\n",
       "\\end{array}\\right), \\left(\\begin{array}{rrr}\n",
       "0.0 & 0.0 & 1.0 \\\\\n",
       "0.0 & 1.0 & 0.0 \\\\\n",
       "1.0 & 0.0 & 0.0\n",
       "\\end{array}\\right)\\right)\\)</html>"
      ],
      "text/latex": [
       "$\\displaystyle \\left(\\left(\\begin{array}{rr}\n",
       "0.0 & 1.0 \\\\\n",
       "1.0 & 0.0\n",
       "\\end{array}\\right), \\left(\\begin{array}{rrr}\n",
       "3.0 & 0.0 & 0.0 \\\\\n",
       "0.0 & 2.0 & 0.0\n",
       "\\end{array}\\right), \\left(\\begin{array}{rrr}\n",
       "0.0 & 0.0 & 1.0 \\\\\n",
       "0.0 & 1.0 & 0.0 \\\\\n",
       "1.0 & 0.0 & 0.0\n",
       "\\end{array}\\right)\\right)$"
      ],
      "text/plain": [
       "(\n",
       "                          [0.0 0.0 1.0]\n",
       "[0.0 1.0]  [3.0 0.0 0.0]  [0.0 1.0 0.0]\n",
       "[1.0 0.0], [0.0 2.0 0.0], [1.0 0.0 0.0]\n",
       ")"
      ]
     },
     "execution_count": 7,
     "metadata": {
     },
     "output_type": "execute_result"
    }
   ],
   "source": [
    "U, S, V = A.SVD()\n",
    "A.SVD()"
   ]
  },
  {
   "cell_type": "code",
   "execution_count": 0,
   "metadata": {
    "collapsed": false
   },
   "outputs": [
   ],
   "source": [
   ]
  }
 ],
 "metadata": {
  "kernelspec": {
   "display_name": "SageMath 9.7",
   "language": "sagemath",
   "metadata": {
    "cocalc": {
     "description": "Open-source mathematical software system",
     "priority": 10,
     "url": "https://www.sagemath.org/"
    }
   },
   "name": "sage-9.7",
   "resource_dir": "/ext/jupyter/kernels/sage-9.7"
  },
  "language_info": {
   "codemirror_mode": {
    "name": "ipython",
    "version": 3
   },
   "file_extension": ".py",
   "mimetype": "text/x-python",
   "name": "python",
   "nbconvert_exporter": "python",
   "pygments_lexer": "ipython3",
   "version": "3.10.5"
  }
 },
 "nbformat": 4,
 "nbformat_minor": 4
}